0.000000E0    1.966906E-3
1.666667E-2    4.218057E-2
3.333333E-2    8.239424E-2
4.998889E-2    1.285655E-1
6.665556E-2    1.672898E-1
8.332222E-2    2.075034E-1
9.998889E-2    2.477171E-1
1.166444E-1    2.909096E-1
1.333111E-1    3.326126E-1
1.499778E-1    3.743157E-1
1.666444E-1    4.115506E-1
1.833000E-1    4.577218E-1
1.999667E-1    4.934673E-1
2.166333E-1    5.351703E-1
2.333000E-1    5.783628E-1
2.499556E-1    6.200659E-1
2.666222E-1    6.632583E-1
2.832889E-1    7.079402E-1
2.999556E-1    7.496432E-1
3.166333E-1    7.868781E-1
3.332778E-1    8.285812E-1
3.499444E-1    8.628373E-1
3.666111E-1    9.134767E-1
3.832778E-1    9.522010E-1
3.999333E-1    9.864571E-1
4.166222E-1    1.031139E0
4.332667E-1    1.068374E0
4.499222E-1    1.113056E0
4.665889E-1    1.156248E0
4.832556E-1    1.199441E0
4.999111E-1    1.235186E0
5.165778E-1    1.279868E0