0.000000E0    1.625094E-2
1.675556E-2    8.512864E-2
3.332222E-2    1.510754E-1
4.998889E-2    2.096861E-1
6.665556E-2    2.697737E-1
8.331111E-2    3.327895E-1
9.998889E-2    3.899405E-1
1.166444E-1    4.558872E-1
1.333111E-1    5.174375E-1
1.499667E-1    5.833756E-1
1.666444E-1    6.434575E-1
1.833000E-1    7.064704E-1
1.999667E-1    7.621587E-1
2.166222E-1    8.251716E-1
2.332889E-1    8.867248E-1
2.499556E-1    9.453499E-1
2.666222E-1    1.011291E0
2.832778E-1    1.071376E0
2.999444E-1    1.129995E0
3.166111E-1    1.194473E0