0.000000E0    -9.543246E-4
1.666667E-2    6.215224E-2
3.333333E-2    1.295913E-1
4.998889E-2    1.853434E-1
6.665556E-2    2.440249E-1
8.331111E-2    3.057285E-1
9.997778E-2    3.658439E-1
1.166444E-1    4.244328E-1
1.333111E-1    4.832069E-1
1.499667E-1    5.403621E-1
1.666333E-1    5.975789E-1
1.833000E-1    6.518045E-1
1.999667E-1    7.104552E-1
2.166333E-1    7.676412E-1
2.332889E-1    8.248271E-1
2.499556E-1    8.820439E-1
2.666222E-1    9.334327E-1
2.832778E-1    9.862245E-1
2.999444E-1    1.043441E0
3.166222E-1    1.097729E0
3.332778E-1    1.151954E0