0.000000E0    4.019813E-3
1.666667E-2    3.525740E-2
3.332222E-2    6.054497E-2
5.000000E-2    9.327006E-2
6.665556E-2    1.245077E-1
8.332222E-2    1.512827E-1
9.998889E-2    1.825203E-1
1.166667E-1    2.092954E-1
1.333111E-1    2.405330E-1
1.499778E-1    2.643330E-1
1.666444E-1    2.955706E-1
1.833111E-1    3.223457E-1
1.999667E-1    3.520958E-1
2.166667E-1    3.818459E-1
2.333000E-1    4.115960E-1
2.499667E-1    4.428335E-1
2.666222E-1    4.696086E-1
2.832889E-1    4.948962E-1
2.999556E-1    5.291088E-1
3.166222E-1    5.588589E-1
3.332778E-1    5.841464E-1
3.499444E-1    6.124090E-1
3.666111E-1    6.406716E-1
3.832778E-1    6.719092E-1
3.999333E-1    6.986843E-1
4.166000E-1    7.269468E-1
4.332667E-1    7.566969E-1
4.499444E-1    7.834720E-1
4.665889E-1    8.161971E-1
4.832667E-1    8.414847E-1
4.999222E-1    8.682597E-1
5.166333E-1    9.054473E-1
5.332444E-1    9.277599E-1
5.499111E-1    9.589975E-1
5.665778E-1    9.872601E-1
5.832444E-1    1.015523E0
5.999000E-1    1.043785E0
6.165778E-1    1.070560E0
6.332333E-1    1.098823E0
6.499000E-1    1.130060E0
6.665556E-1    1.156836E0
6.832222E-1    1.185098E0
6.999000E-1    1.216336E0
7.165556E-1    1.240136E0
7.332111E-1    1.263936E0
7.498778E-1    1.296661E0
7.665444E-1    1.330874E0
7.832111E-1    1.350211E0
7.998667E-1    1.376986E0
8.165333E-1    1.408224E0
8.332000E-1    1.437974E0
8.498667E-1    1.455824E0
8.665333E-1    1.494499E0
8.832111E-1    1.516812E0